             o  ,    o  ,                                      EDINBURGH                               Astronomical Applications Dept.
Location: W003 10, N55 55                          Rise and Set for the Sun for 2012                   U. S. Naval Observatory        
                                                                                                       Washington, DC  20392-5420     
                                                            Universal Time                                                            
                                                                                                                                      
                                                                                                                                      
       Jan.       Feb.       Mar.       Apr.       May        June       July       Aug.       Sept.      Oct.       Nov.       Dec.  
Day Rise  Set  Rise  Set  Rise  Set  Rise  Set  Rise  Set  Rise  Set  Rise  Set  Rise  Set  Rise  Set  Rise  Set  Rise  Set  Rise  Set
     h m  h m   h m  h m   h m  h m   h m  h m   h m  h m   h m  h m   h m  h m   h m  h m   h m  h m   h m  h m   h m  h m   h m  h m
01  0844 1549  0808 1645  0703 1748  0543 1852  0428 1952  0335 2047  0332 2101  0418 2019  0518 1906  0616 1747  0720 1632  0820 1544
02  0843 1550  0806 1647  0701 1750  0540 1854  0426 1954  0334 2048  0333 2100  0420 2017  0520 1903  0618 1744  0722 1629  0821 1543
03  0843 1551  0805 1649  0658 1752  0537 1856  0424 1956  0333 2050  0334 2100  0421 2015  0522 1901  0620 1742  0724 1627  0823 1542
04  0843 1553  0803 1651  0656 1754  0535 1858  0422 1958  0332 2051  0335 2059  0423 2013  0524 1858  0622 1739  0726 1625  0824 1542
05  0842 1554  0801 1653  0653 1756  0532 1900  0420 2000  0331 2052  0336 2058  0425 2011  0526 1856  0624 1737  0729 1623  0826 1541
06  0842 1555  0759 1656  0650 1758  0530 1902  0417 2002  0330 2053  0337 2057  0427 2009  0527 1853  0626 1734  0731 1621  0827 1540
07  0841 1557  0757 1658  0648 1800  0527 1904  0415 2004  0330 2054  0338 2057  0429 2006  0529 1850  0628 1731  0733 1619  0829 1540
08  0840 1558  0754 1700  0645 1802  0524 1906  0413 2006  0329 2055  0339 2056  0431 2004  0531 1848  0630 1729  0735 1617  0830 1539
09  0840 1600  0752 1702  0643 1805  0522 1908  0411 2008  0329 2056  0340 2055  0433 2002  0533 1845  0632 1726  0737 1615  0831 1539
10  0839 1601  0750 1704  0640 1807  0519 1910  0409 2010  0328 2057  0342 2054  0435 2000  0535 1843  0634 1724  0739 1613  0832 1539
11  0838 1603  0748 1707  0638 1809  0517 1912  0407 2012  0328 2058  0343 2053  0437 1958  0537 1840  0636 1721  0741 1612  0834 1538
12  0837 1605  0746 1709  0635 1811  0514 1914  0405 2014  0327 2058  0344 2052  0439 1955  0539 1837  0638 1719  0743 1610  0835 1538
13  0836 1607  0744 1711  0632 1813  0512 1916  0403 2016  0327 2059  0346 2050  0441 1953  0541 1835  0640 1716  0745 1608  0836 1538
14  0835 1608  0741 1713  0630 1815  0509 1918  0402 2018  0327 2100  0347 2049  0443 1951  0543 1832  0642 1714  0748 1606  0837 1538
15  0834 1610  0739 1715  0627 1817  0507 1920  0400 2020  0326 2100  0349 2048  0445 1948  0545 1829  0645 1711  0750 1605  0838 1538
16  0833 1612  0737 1718  0625 1819  0504 1922  0358 2021  0326 2101  0350 2046  0447 1946  0547 1827  0647 1709  0752 1603  0839 1538
17  0832 1614  0735 1720  0622 1821  0502 1924  0356 2023  0326 2101  0352 2045  0448 1944  0549 1824  0649 1706  0754 1601  0839 1539
18  0831 1616  0732 1722  0619 1823  0459 1926  0354 2025  0326 2102  0353 2044  0450 1941  0551 1821  0651 1704  0756 1600  0840 1539
19  0829 1618  0730 1724  0617 1825  0457 1928  0353 2027  0326 2102  0355 2042  0452 1939  0553 1819  0653 1701  0758 1558  0841 1539
20  0828 1620  0728 1726  0614 1827  0454 1930  0351 2029  0326 2102  0356 2041  0454 1936  0555 1816  0655 1659  0800 1557  0841 1540
21  0827 1622  0725 1728  0611 1829  0452 1932  0349 2030  0327 2103  0358 2039  0456 1934  0557 1813  0657 1657  0802 1555  0842 1540
22  0825 1624  0723 1731  0609 1831  0449 1934  0348 2032  0327 2103  0400 2037  0458 1931  0559 1811  0659 1654  0803 1554  0842 1541
23  0824 1626  0720 1733  0606 1833  0447 1936  0346 2034  0327 2103  0402 2036  0500 1929  0601 1808  0701 1652  0805 1553  0843 1541
24  0822 1628  0718 1735  0604 1835  0445 1938  0345 2035  0328 2103  0403 2034  0502 1926  0602 1805  0703 1650  0807 1551  0843 1542
25  0820 1630  0716 1737  0601 1837  0442 1940  0344 2037  0328 2103  0405 2032  0504 1924  0604 1803  0705 1647  0809 1550  0843 1543
26  0819 1632  0713 1739  0558 1839  0440 1942  0342 2038  0329 2102  0407 2030  0506 1921  0606 1800  0707 1645  0811 1549  0844 1543
27  0817 1634  0711 1741  0556 1841  0438 1944  0341 2040  0329 2102  0409 2029  0508 1919  0608 1758  0710 1643  0813 1548  0844 1544
28  0816 1636  0708 1744  0553 1843  0435 1946  0340 2042  0330 2102  0410 2027  0510 1916  0610 1755  0712 1640  0814 1547  0844 1545
29  0814 1638  0706 1746  0550 1846  0433 1948  0338 2043  0330 2102  0412 2025  0512 1914  0612 1752  0714 1638  0816 1546  0844 1546
30  0812 1640  XXXX XXXX  0548 1848  0431 1950  0337 2044  0331 2101  0414 2023  0514 1911  0614 1750  0716 1636  0818 1545  0844 1547
31  0810 1643  XXXX XXXX  0545 1850  XXXX XXXX  0336 2046  XXXX XXXX  0416 2021  0516 1909  XXXX XXXX  0718 1634  XXXX XXXX  0844 1548
